E1 6.860526 -6.603268 0.554491
E2 9.701610 -4.294945 6.627951
E3 9.396692 -3.187118 8.863162
E4 6.183772 0.044468 12.958773
E5 10.817315 -2.960746 4.249655
E6 10.213036 0.052137 8.748829
E7 5.504273 2.896226 12.700208
E8 11.140811 0.053968 6.413134
E9 9.345964 3.275583 8.828987
E10 10.807874 3.068907 4.251270
E11 9.676274 4.394612 6.623978
E12 8.111618 5.121826 8.354495
E13 7.263912 6.484245 6.658795
E14 6.030125 6.356108 8.862421
E15 4.639450 5.548681 11.094600
E16 2.808298 4.333412 12.890513
E17 6.804109 6.668029 0.552337
E18 5.551148 7.480389 3.288687
E19 4.421713 7.784776 6.488594
E20 1.855594 6.322397 11.378771
E21 -0.045540 4.572070 13.319230
E22 0.399336 7.738045 9.205675
E23 1.868899 7.897862 -0.084582
E24 -1.382983 8.326233 3.576248
E25 -1.510484 8.200380 6.919576
E26 -2.122838 7.618185 9.066676
E27 -4.098238 7.341923 7.575993
E28 -3.699888 6.597050 10.107948
E29 -3.710542 7.393420 1.099221
E30 -5.643521 6.803569 4.731852
E31 -5.475628 4.717969 10.875849
E32 -6.144874 6.142738 1.461967
E33 -6.911277 2.107064 10.792112
E34 -3.343579 0.023377 14.325252
E35 -8.812948 3.092000 5.260754
E36 -7.459311 0.012693 10.179524
E37 -9.372760 0.008833 5.678409
E38 -6.910085 -2.081322 10.804959
E39 -8.946798 -3.124381 5.349062
E40 -5.511519 -4.731854 10.989539
E41 -0.025343 -4.550362 13.433785
E42 -3.707516 -6.621120 10.210348
E43 -6.235780 -6.229404 1.490273
E44 -5.722835 -6.902586 4.824430
E45 -4.098615 -7.361744 7.638023
E46 -2.135788 -7.739385 9.271040
E47 -3.771333 -7.539277 1.127297
E48 -1.512042 -8.360468 7.099401
E49 0.446771 -7.904163 9.476996
E50 1.895955 -6.294215 11.451844
E51 2.810320 -4.233973 12.811692
E52 -1.362470 -8.376248 3.620869
E53 4.665069 -5.468377 11.096652
E54 5.492922 -2.797966 12.644558
E55 1.928379 -7.928587 -0.085655
E56 4.555054 -7.875908 6.632051
E57 6.104326 -6.316923 8.929459
E58 5.634749 -7.461094 3.318233
E59 7.351548 -6.443809 6.712390
E60 8.148865 -5.034815 8.369328
E61 5.578225 -7.066588 -1.443367
E62 7.870442 -4.347858 -4.182864
E63 7.826470 4.430815 -4.169963
E64 5.546753 7.152897 -1.443493
E65 1.896000 0.023000 14.625000
